projectname=Third Ave El
author=Steven Glenn
gauge=1435
developerid=0
nexttrackid=1
LogoPath=jõwã4wpò
BackgroundMapfilename=C:\Documents and Settings\debbie glenn\My Documents\My Pictures\1951_a.jpg
BackgroundMapScale=700
defaultobjects=stopsign=signs\ne5.b3d
point1=1,239.00000,51.00000
point2=3,145.00000,154.00000
point3=4,209.00000,96.00000
point4=5,187.00000,154.00000
point5=6,135.00000,89.00000
point6=7,182.67000,200.67000
point7=8,102.00000,21.00000
point8=9,92.66700,-32.33300
point9=10,103.67000,-8.33330
point10=11,118.10000,-82.35000
point11=12,125.83000,-135.00000
point12=13,131.83000,-186.00000
point13=14,137.83000,-209.00000
point14=15,143.83000,-235.00000
point15=16,143.83000,-261.00000
point16=17,144.83000,-341.00000
point17=18,134.83000,-375.00000
point18=19,143.83000,-407.00000
point19=20,140.93000,113.80000
point20=21,143.33000,137.67000
point21=22,184.27000,179.82000
point22=23,127.83000,65.50000
point23=24,114.92000,43.25000
point24=25,101.67000,-57.33300
point25=26,125.83000,-111.50000
point26=27,125.83000,-161.00000
point27=28,143.83000,-273.00000
point28=29,144.83000,-340.00000
point29=30,143.83000,-298.25000
point30=31,143.83000,-309.13000
conn1=1,4,5,1,0,0.00000,255,1,1,1,0,"",0,"",0,0,0,2,0,0,0
conn2=2,4,1,1,0,0.00000,255,1,1,1,0,"",0,"",0,0,0,2,0,0,0
conn3=3,5,22,1,0,0.00000,255,1,1,1,0,"",0,"",0,0,0,2,0,0,0
conn4=4,5,3,1,0,0.00000,255,1,1,1,0,"",0,"",0,0,0,2,0,0,0
conn5=5,6,20,1,0,0.00000,255,1,1,1,0,"",0,"",0,0,0,2,0,0,0
conn6=6,8,24,0,0,0.00000,255,1,1,1,0,"",0,"",0,0,0,2,0,0,0
conn7=7,9,8,1,0,0.00000,255,1,1,1,0,"",0,"",0,0,0,1,0,0,0
conn8=8,9,10,1,0,0.00000,255,1,1,1,0,"",0,"",0,0,0,2,0,0,0
conn9=9,11,25,1,0,0.00000,255,1,1,1,0,"",0,"",0,0,0,2,0,0,0
conn10=10,12,26,1,0,0.00000,255,1,1,1,0,"",0,"",0,0,0,2,0,0,0
conn11=11,13,27,1,0,0.00000,255,1,1,1,0,"",0,"",0,0,0,2,0,0,0
conn12=12,13,14,1,0,0.00000,255,1,1,1,0,"",0,"",0,0,0,2,0,0,0
conn13=13,15,14,1,0,0.00000,255,1,1,1,0,"",0,"",0,0,0,2,0,0,0
conn14=14,15,16,1,0,0.00000,255,1,1,1,0,"",0,"",0,0,0,2,0,0,0
conn15=15,17,29,1,0,0.00000,255,1,1,1,0,"",0,"",0,0,0,2,0,0,0
conn16=16,18,17,1,0,0.00000,255,1,1,1,0,"",0,"",0,0,0,1,0,0,0
conn17=17,19,18,1,0,0.00000,255,1,1,1,0,"",0,"",0,0,0,1,0,0,0
conn18=18,5,7,1,0,0.00000,255,1,1,1,0,"",0,"",0,0,0,2,0,0,0
conn19=19,20,21,1,0,0.00000,255,1,1,1,0,"",0,"",0,0,0,2,0,0,0
conn20=20,21,3,1,0,0.00000,255,1,1,1,0,"",0,"",0,0,0,2,0,0,0
conn21=21,7,5,1,0,0.00000,255,1,1,1,0,"",0,"",0,0,0,2,0,0,0
conn22=22,23,6,0,0,0.00000,255,1,1,1,0,"",0,"",0,0,0,2,0,0,0
conn23=23,24,23,0,0,0.00000,255,1,1,1,0,"",0,"",0,0,0,2,0,0,0
conn24=24,9,25,1,0,0.00000,255,1,1,1,0,"",0,"",0,0,0,2,0,0,0
conn25=25,11,26,1,0,0.00000,255,1,1,1,0,"",0,"",0,0,0,2,0,0,0
conn26=26,12,27,1,0,0.00000,255,1,1,1,0,"",0,"",0,0,0,2,0,0,0
conn27=27,28,16,1,0,0.00000,255,1,1,1,0,"",0,"",0,0,0,2,0,0,0
conn28=28,29,31,1,0,0.00000,255,1,1,1,0,"",0,"",0,0,0,2,0,0,0
conn29=29,30,28,1,0,0.00000,255,1,1,1,0,"",0,"",0,0,0,2,0,0,0
conn30=30,31,30,1,0,0.00000,255,1,1,1,0,"",0,"",0,0,0,2,0,0,0
routedefinition1id=2
routedefinition1name=My First Route
routedefinition1=4,20,19,5,22,23,7,6,3,24,9,10,11,12,13,14,15,16,17,25,26,27,28,29,30
station1="Gun Hill Road",2=3
station2="Williamsbridge-210 St",2=19
station3="204 Street",2=22
station4="Bedford Park Blvd-200 St",2=6
station5="Fordham Road",3=24
station6="183 Street",2=25
station7="180 Street",2=26
station8="Tremont Ave-177 St",3=12
station9="174 Street",2=14
station10="Claremont Pkwy",2=29
