projectname=Route1
author=Thomas
authoremailaddress=home@me.at
description=None.
credits=1[crlf]2[crlf]3
gauge=1435
developerid=0
nexttrackid=1
Routefilessubdir=test
BackgroundMapScale=0
defaultobjects=stopsign=signs\ne5.b3d
point1=1,-313.00000,3.00000
point2=2,-455.00000,62.00000
point3=3,-523.00000,132.00000
point4=4,-547.00000,172.00000
point5=5,-185.00000,-26.00000
point6=6,-56.00000,-17.00000
point7=7,113.00000,48.00000
point8=8,143.00000,74.00000
point9=9,-618.00000,286.00000
point10=10,-650.00000,386.00000
point11=11,-676.00000,524.00000
conn1=1,1,2,4,70,0,100,1,4,1,0,"",0,"",0,0,-4,0,0,0,0
conn2=2,2,3,4,70,0,100,1,4,1,0,"",0,"",0,0,-4,1,0,0,0
conn3=3,3,4,4,70,0,100,1,4,1,0,"",0,"",0,0,-4,0,0,0,0
conn4=4,5,6,4,70,0,100,1,4,1,0,"",0,"",0,0,-4,0,0,0,0
conn5=5,6,7,4,70,0,100,1,4,1,0,"",0,"",0,0,-4,1,0,0,0
conn6=6,7,8,4,50,0,100,2,4,7,0,"",0,"",1,1,-4,0,0,0,0
conn7=7,5,1,4,70,0,100,1,4,1,0,"",0,"",0,0,-4,1,0,0,0
conn8=8,4,9,4,70,0,100,1,4,1,0,"",0,"",0,0,-4,0,0,0,0
conn9=9,9,10,4,70,0,100,1,4,1,0,"",0,"",0,0,-4,1,0,0,0
conn10=10,10,11,4,70,0,100,1,4,1,0,"",0,"",0,0,-4,0,0,0,0
routedefinition1id=2
routedefinition1name=Route Definition1
routedefinition1=6,5,4,7,1,2,3
station1="Blablubb",1=6
station2="Blubbbla",1=3
freeobject1="nokiabahn","parkhaus1.b3d",127.00000,20.00000,30.00000,0.00000
trackdefinition1=tracks\track0.b3d,2
trackdefinition2="tracks\brown.b3d",0,1000,"tracks\brown1000.b3d",500,"tracks\brown500.b3d",150,"tracks\brown150.b3d",-1000,"tracks\brown-1000.b3d",-500,"tracks\brown-500.b3d",-150,"tracks\brown-150.b3d"
trackdefinition3="tracks\brown_overhead.b3d",2,1000,"tracks\brown1000_overhead.b3d",500,"tracks\brown500_overhead.b3d",150,"tracks\brown150_overhead.b3d",-1000,"tracks\brown-1000_overhead.b3d",-500,"tracks\brown-500_overhead.b3d",-150,"tracks\brown-150_overhead.b3d"
trackdefinition4="tracks\grey.b3d",2,1000,"tracks\grey1000.b3d",500,"tracks\grey500.b3d",150,"tracks\grey150.b3d",-1000,"tracks\grey-1000.b3d",-500,"tracks\grey-500.b3d",-150,"tracks\grey-150.b3d"
trackdefinition5="tracks\grey_overhead.b3d",2,1000,"tracks\grey1000_overhead.b3d",500,"tracks\grey500_overhead.b3d",150,"tracks\grey150_overhead.b3d",-1000,"tracks\grey-1000_overhead.b3d",-500,"tracks\grey-500_overhead.b3d",-150,"tracks\grey-150_overhead.b3d"
trackdefinition6=tracks\dark.b3d,3
trackdefinition7=tracks\dark_overhead.b3d,3
trackdefinition8=tracks\bridgetrack.b3d,6
