rbregionfile=1
fromprojectname=HowTo 1
author=Uwe Post
comment=small station at two track line with two side platforms
point3=3,3.1860741830,29.4861090300
point4=4,78.0832892800,25.5609123300
point7=7,2.9767303830,25.4915909300
point8=8,77.8739454800,21.5663942300
point10=10,27.9424686800,24.1831920300
point11=11,28.1518125800,28.1777101300
point12=12,53.1175508800,26.8693112300
point13=13,52.9082070800,22.8747931300
point14=14,102.8396838000,20.2579953300
point15=15,103.0490277000,24.2525134300
point16=16,128.0147660000,22.9441145300
point17=17,127.8054222000,18.9495964300
point18=18,152.7711606000,17.6411975300
point19=19,152.9805044000,21.6357156300
point20=20,177.7368989000,16.3327985300
point21=21,177.9462428000,20.3273167300
point22=22,202.9119811000,19.0189178300
point23=23,202.7026373000,15.0243996300
point24=24,227.8777195000,17.7105189300
point25=25,227.6683757000,13.7160007300
conn3=3,3,11,1,70,0.0000000000,255,1,1,1,0,"",0,"",0,0,0,2,0,0,0,0,0,0,0
conn6=6,7,10,1,70,0.0000000000,255,1,1,1,0,"",0,"",0,0,0,2,0,0,0,0,0,0,0
conn8=8,10,13,1,70,0.0000000000,255,1,1,1,0,"",0,"",0,0,0,2,0,0,0,0,0,0,0
conn9=9,11,12,1,70,0.0000000000,255,1,1,1,0,"",0,"",0,0,0,2,0,0,0,0,0,0,0
conn10=10,12,4,1,70,0.0000000000,255,1,1,1,0,"",0,"",2,1,0,2,0,0,0,0,0,0,0
conn11=11,13,8,1,70,0.0000000000,255,1,1,1,0,"",0,"",1,1,0,2,0,0,0,0,0,0,0
conn12=12,8,14,1,70,0.0000000000,255,1,1,1,0,"",0,"",1,1,0,2,0,0,1,0,0,0,0
conn13=13,4,15,1,70,0.0000000000,255,1,1,1,0,"",0,"",2,1,0,2,0,0,1,0,0,0,0
conn14=14,15,16,1,70,0.0000000000,255,1,1,1,0,"",0,"",2,1,0,2,0,0,1,0,0,0,0
conn15=15,14,17,1,70,0.0000000000,255,1,1,1,0,"",0,"",1,1,0,2,0,0,1,0,0,0,0
conn16=16,17,18,1,70,0.0000000000,255,1,1,1,0,"",0,"",1,1,0,2,0,0,1,0,0,0,0
conn17=17,16,19,1,70,0.0000000000,255,1,1,1,0,"",0,"",2,1,0,2,0,0,1,0,0,0,0
conn18=18,18,20,1,70,0.0000000000,255,1,1,1,0,"",0,"",1,1,0,2,0,0,0,0,0,0,0
conn19=19,19,21,1,70,0.0000000000,255,1,1,1,0,"",0,"",2,1,0,2,0,0,0,0,0,0,0
conn20=20,21,22,1,70,0.0000000000,255,1,1,1,0,"",0,"",0,0,0,2,0,0,0,0,0,0,0
conn21=21,20,23,1,70,0.0000000000,255,1,1,1,0,"",0,"",0,0,0,2,0,0,0,0,0,0,0
conn22=22,22,24,1,70,0.0000000000,255,1,1,1,0,"",0,"",0,0,0,2,0,0,0,0,0,0,0
conn23=23,23,25,1,70,0.0000000000,255,1,1,1,0,"",0,"",0,0,0,2,0,0,0,0,0,0,0
grid1="Grid1",8,8,0,0,6,0,-1,3,-1,-1,9,-1,0,10,-1,1,11,0,1,12,0,2,13,-1,2,14,-1,3,15,0,3,16,0,4,17,-1,4,18,0,5,19,-1,5,20,-1,6,21,0,6,22,-1,7,23,0,7
