projectname=test3
author=u
gauge=1435
developerid=0
nexttrackid=2
Routefilessubdir=test
BackgroundMapfilename=E:\Projekte\Develop\RouteBuilder\test3 Background.jpg
BackgroundMapScale=250
point1=1,69.00000,12037.00000
point2=2,69.00000,11979.00000
point3=3,69.33300,11944.00000
point4=8,353.00000,11746.00000
point5=9,462.00000,11748.00000
point6=12,752.00000,11759.00000
point7=13,798.50000,11760.00000
point8=14,823.92000,11760.00000
point9=19,871.42000,11760.00000
point10=21,921.08000,11760.00000
point11=22,1223.00000,11886.00000
point12=23,1236.00000,11915.00000
point13=24,1309.00000,12202.00000
point14=25,1310.00000,12259.00000
point15=26,1222.00000,12445.00000
point16=27,1203.00000,12462.00000
point17=28,923.00000,12491.00000
point18=29,833.00000,12491.00000
point19=30,775.00000,12491.00000
point20=31,599.00000,12405.00000
point21=32,573.00000,12370.00000
point22=33,504.00000,12172.00000
point23=34,502.00000,12113.00000
conn1=1,1,2,1,70,0,100,1,3,1,0,"",0,"",1,2,1,0
conn2=2,2,3,1,70,0,100,1,1,1,0,"",0,"",0,0,1,0
conn3=3,3,8,1,70,0,100,1,1,1,0,"",0,"",0,0,1,1
conn4=8,8,9,1,70,0,100,1,1,1,0,"",0,"",0,0,1,0
conn5=9,9,12,1,70,0,100,1,1,1,0,"",0,"",0,0,1,1
conn6=12,12,13,1,70,0,100,1,1,1,0,"",0,"",0,0,1,0
conn7=13,13,14,1,70,0,100,1,1,1,0,"",0,"",0,0,1,0
conn8=18,14,19,1,70,0,100,1,1,1,0,"",0,"",1,2,1,0
conn9=20,19,21,1,70,0,100,1,1,1,0,"",0,"",1,2,1,0
conn10=21,21,22,1,70,0,100,1,1,1,0,"",0,"",0,0,0,1
conn11=22,22,23,1,70,0,100,1,1,1,0,"",0,"",0,0,0,0
conn12=23,23,24,1,70,0,100,1,1,1,0,"",0,"",0,0,0,1
conn13=24,24,25,1,70,0,100,1,1,1,0,"",0,"",0,0,0,0
conn14=25,25,26,1,70,0,100,1,1,1,0,"",0,"",0,0,0,1
conn15=26,26,27,1,70,0,100,1,1,1,0,"",0,"",0,0,0,0
conn16=27,27,28,1,70,0,100,1,1,1,0,"",0,"",0,0,0,1
conn17=28,28,29,1,70,0,100,1,1,1,0,"",0,"",0,0,0,0
conn18=29,29,30,1,70,0,100,1,1,1,0,"",0,"",1,1,0,0
conn19=30,30,31,1,70,0,100,1,1,1,0,"",0,"",0,0,0,1
conn20=31,31,32,1,70,0,100,1,1,1,0,"",0,"",0,0,0,0
conn21=32,32,33,1,70,0,100,1,1,1,0,"",0,"",0,0,0,1
conn22=33,33,34,1,70,0,100,1,1,1,0,"",0,"",1,2,0,0
routedefinition1id=2
routedefinition1name=A-B
routedefinition1=1,2,3,8,9,12,13,18,20,21,22,23,24,25,26,27,28,29,30,31,32,33
routedefinition2id=3
routedefinition2name=D-A
routedefinition2=33,32,31,30,29,28,27,26,25,24,23,22,21,20,18,13,12,9,8,3,2,1
station1="stationA",1=1
station2="stationB",1=20
station3="stationC",1=29
station4="stationD",1=33
freeobject1="misc","ad1.b3d",233.00000,11766.00000,0.00000,0.00000
freeobject2="buildings","haus1.b3d",83.66700,11977.00000,0.00000,0.00000
freeobject3="buildings","Phone_hi.B3D",539.00000,11762.00000,0.00000,0.00000
freeobject4="roads","road.b3d",829.42000,11723.00000,0.00000,0.00000
freeobject5="roads","road.b3d",863.42000,11749.00000,90.00000,0.00000
freeobject6="roads","road2.b3d",82.00000,11977.00000,90.00000,0.00000
freeobject7="roads","road2.b3d",74.66700,11969.00000,0.00000,0.00000
freeobject8="roads","path1.b3d",64.66700,11953.00000,0.00000,0.00000
freeobject9="roads","road2.b3d",1374.00000,12252.00000,180.00000,0.00000
freeobject10="buildings","haus1.b3d",1313.00000,12227.00000,0.00000,0.00000
freeobject11="buildings","haus1.b3d",840.00000,12498.00000,0.00000,0.00000
freeobject12="roads","road2.b3d",777.00000,12504.00000,0.00000,0.00000
freeobject13="roads","road2.b3d",437.00000,12164.00000,0.00000,0.00000
