projectname=simpletest
author=up
gauge=1435
developerid=0
nexttrackid=1
Routefilessubdir=test
BackgroundMapScale=0
defaultobjects=stopsign=signs\ne5.b3d,stationmarkerstop=marker\stationmarker_stop.bmp,stationmarkerpass=marker\stationmarker_pass.bmp
ParallelTrackDist=4.0000000000
ParallelTrackDistPlatform=15.0000000000
Objectlibrary=objects
point1=1,-25.4314767400,77.3832021900
point2=2,24.5000000000,80.0000000000
point3=3,108.0000000000,84.2500000000
point4=5,170.2500000000,90.5000000000
point5=6,209.5000000000,99.0000000000
point6=7,239.0000000000,107.2500000000
point7=8,-0.4657383689,78.6916010900
point8=9,49.4657383700,81.3083989100
point9=12,49.6750821900,77.3138807700
point10=13,24.6046719100,78.0027409300
point11=14,128.2500000000,77.0000000000
point12=15,198.2500000000,76.2500000000
point13=16,253.2500000000,74.7500000000
point14=17,310.0000000000,74.5000000000
point15=18,281.6250000000,74.6250000000
conn1=1,1,8,1,70,0.0000000000,255,1,1,1,0,"",0,"",0,0,0,2,0,0,0
conn2=2,2,9,1,70,0.0000000000,255,1,1,1,0,"",0,"",0,0,0,2,0,0,0
conn3=3,3,5,1,70,0.0000000000,255,1,1,1,0,"",0,"",0,0,0,0,0,0,0
conn4=5,5,6,1,70,0.0000000000,255,1,1,1,0,"",0,"",0,0,0,2,0,0,0
conn5=6,6,7,1,70,0.0000000000,255,1,1,1,0,"",0,"",0,0,0,2,0,0,0
conn6=7,8,2,1,70,0.0000000000,255,1,1,1,0,"",0,"",0,0,0,5,0,0,0
conn7=8,9,3,1,70,0.0000000000,255,1,1,1,0,"",0,"",0,0,0,0,0,0,0
conn8=9,8,13,1,70,0.0000000000,255,1,1,1,0,"",0,"",0,0,0,6,0,0,0
conn9=10,13,12,1,70,0.0000000000,255,1,1,1,0,"",0,"",0,0,0,7,0,0,0
conn10=11,12,14,1,70,0.0000000000,255,1,1,1,0,"",0,"",0,0,0,1,0,0,0
conn11=12,14,15,1,70,0.0000000000,255,1,1,1,0,"",0,"",0,0,0,0,0,0,0
conn12=13,15,16,1,70,0.0000000000,255,1,1,1,0,"",0,"",0,0,0,2,0,0,0
conn13=14,16,18,1,70,0.0000000000,255,1,1,1,0,"",0,"",0,0,0,2,0,0,0
conn14=15,18,17,1,70,0.0000000000,255,1,1,1,0,"",0,"",0,0,0,2,0,0,0
routedefinition1id=2
routedefinition1name=we
routedefinition1=1,9,10,11,12,13,14,15
station1="west",1=1
station2="east",2=15
freeobject1="buildings","House_mod2.b3d",20.8000000000,100.0000000000,0.0000000000,0.0000000000
freeobject2="buildings","House_mod2.b3d",50.8000000000,99.4000000000,0.0000000000,0.0000000000
freeobject3="buildings","House_mod2.b3d",43.0000000000,130.2000000000,0.0000000000,0.0000000000
freeobject4="buildings","House_mod2.b3d",74.4000000000,116.4000000000,0.0000000000,0.0000000000
freeobject5="buildings","House_mod3.b3d",59.6000000000,61.2000000000,0.0000000000,0.0000000000
freeobject6="buildings","House_mod3.b3d",27.4000000000,58.4000000000,0.0000000000,0.0000000000
freeobject7="buildings","House_mod3.b3d",3.0000000000,65.8000000000,0.0000000000,0.0000000000
freeobject8="buildings","House_mod_long1.b3d",93.0000000000,107.6000000000,0.0000000000,0.0000000000
freeobject9="plants","trees1.b3d",96.6000000000,55.2000000000,0.0000000000,0.0000000000
freeobject10="grounds","grass3.b3d",81.0000000000,28.0000000000,0.0000000000,0.0000000000
freeobject11="misc","car1.b3d",62.0000000000,46.7500000000,90.0000000000,0.0000000000
grid1="w",2,2,0,0,7,0,-1,1,0,-2,9,0,-1,7,0,-1,10,1,0,9,0,-1,7,0,-1
