rbregionfile=1
fromprojectname=HowTo 3
author=Uwe Post
comment=small station with crossing loop at ona-track line, two side platforms.
point1=4,79.4166226200,20.8942456700
point4=7,4.3100636160,20.8249242700
point5=8,79.2072788200,16.8997275700
point7=10,29.2758020200,19.5165253700
point8=12,54.4508842200,22.2026445700
point9=13,54.2415404200,18.2081264700
point10=14,104.1730171000,15.5913286700
point11=15,104.3823610000,19.5858467700
point12=16,129.3480993000,18.2774478700
point13=17,129.1387555000,14.2829297700
point14=18,154.1044939000,12.9745308700
point15=19,154.3138377000,16.9690489700
point16=20,179.0702322000,11.6661318700
point17=21,179.2795760000,15.6606500700
point18=22,204.1406425000,12.3549920700
point19=23,204.0359706000,10.3577329700
point20=25,229.0017090000,9.0493340670
point26=37,29.3804739200,21.5137844700
conn3=6,7,10,1,70,0.0000000000,255,1,1,1,0,"",0,"",0,0,0,3,0,0,0,0,0,0,0
conn5=8,10,13,1,70,0.0000000000,255,1,1,1,0,"",0,"",0,0,0,2,0,0,0,0,0,0,0
conn6=10,12,4,1,70,0.0000000000,255,1,1,1,0,"",0,"",2,1,0,2,0,0,0,0,0,0,0
conn7=11,13,8,1,70,0.0000000000,255,1,1,1,0,"",0,"",1,1,0,2,0,0,0,0,0,0,0
conn8=12,8,14,1,70,0.0000000000,255,1,1,1,0,"",0,"",1,1,0,2,0,0,1,0,0,0,0
conn9=13,4,15,1,70,0.0000000000,255,1,1,1,0,"",0,"",2,1,0,2,0,0,1,0,0,0,0
conn10=14,15,16,1,70,0.0000000000,255,1,1,1,0,"",0,"",2,1,0,2,0,0,1,0,0,0,0
conn11=15,14,17,1,70,0.0000000000,255,1,1,1,0,"",0,"",1,1,0,2,0,0,1,0,0,0,0
conn12=16,17,18,1,70,0.0000000000,255,1,1,1,0,"",0,"",1,1,0,2,0,0,1,0,0,0,0
conn13=17,16,19,1,70,0.0000000000,255,1,1,1,0,"",0,"",2,1,0,2,0,0,1,0,0,0,0
conn14=18,18,20,1,70,0.0000000000,255,1,1,1,0,"",0,"",1,1,0,2,0,0,0,0,0,0,0
conn15=19,19,21,1,70,0.0000000000,255,1,1,1,0,"",0,"",2,1,0,2,0,0,0,0,0,0,0
conn16=20,21,22,1,70,0.0000000000,255,1,1,1,0,"",0,"",0,0,0,8,0,0,0,0,0,0,0
conn17=21,20,23,1,70,0.0000000000,255,1,1,1,0,"",0,"",0,0,0,2,0,0,0,0,0,0,0
conn18=23,25,23,1,70,0.0000000000,255,1,1,1,0,"",0,"",0,0,0,5,0,0,0,0,0,0,0
conn24=35,7,37,1,70,0.0000000000,255,1,1,1,0,"",0,"",0,0,0,4,0,0,0,0,0,0,0
conn25=36,12,37,1,70,0.0000000000,255,1,1,1,0,"",0,"",0,0,0,7,0,0,0,0,0,0,0
conn26=37,25,22,1,70,0.0000000000,255,1,1,1,0,"",0,"",0,0,0,6,0,0,0,0,0,0,0
grid1="Grid1",8,8,0,0,6,0,-1,3,-1,-1,9,-1,0,10,-1,1,11,0,1,12,0,2,13,-1,2,14,-1,3,15,0,3,16,0,4,17,-1,4,18,0,5,19,-1,5,20,-1,6,21,0,6,22,-1,7,23,0,7,35,0,-1,36,-1,0,37,-1,0
