rbregionfile=1
fromprojectname=HowTo 1
author=Uwe Post
comment=small station at two track line with island platform
point3=3,4.7139853000,23.2031792700
point4=4,79.9252161000,25.2697597700
point7=7,4.5046415000,19.2086611700
point8=8,79.4018566000,15.2834644700
point10=10,29.4703798000,17.9002622700
point11=11,29.6797236000,21.8947803700
point12=12,54.7501339000,22.5836405700
point13=13,54.4361182000,16.5918633700
point14=14,104.3675949000,13.9750655700
point15=15,104.9956264000,25.9586199700
point16=16,129.9613648000,24.6502210700
point17=17,129.3333333000,12.6666666700
point18=18,154.2990716000,11.3582677700
point19=19,154.9271031000,23.3418221700
point20=20,179.2648100000,10.0498687700
point21=21,179.8928415000,22.0334232700
point22=22,204.8585799000,20.7250243700
point23=23,204.2305484000,8.7414698670
point24=24,229.7196463000,17.4193663700
point25=25,229.1962868000,7.4330710670
point37=37,279.1277635000,4.8162731670
point38=38,254.1620251000,6.1246720670
point39=39,279.3371073000,8.8107913670
point40=40,254.4760409000,12.1164493700
conn3=3,3,11,1,70,0.0000000000,255,1,1,1,0,"",0,"",0,0,0,2,0,0,0,0,0,0,0
conn6=6,7,10,1,70,0.0000000000,255,1,1,1,0,"",0,"",0,0,0,2,0,0,0,0,0,0,0
conn8=8,10,13,1,70,0.0000000000,255,1,1,1,0,"",0,"",0,0,0,2,0,0,0,0,0,0,0
conn9=9,11,12,1,70,0.0000000000,255,1,1,1,0,"",0,"",0,0,0,7,0,0,0,0,0,0,0
conn10=10,4,12,1,70,0.0000000000,255,1,1,1,0,"",0,"",0,0,0,2,0,0,0,0,0,0,0
conn11=11,8,13,1,70,0.0000000000,255,1,1,1,0,"",0,"",0,0,0,2,0,0,0,0,0,0,0
conn12=12,14,8,1,70,0.0000000000,255,1,1,1,0,"",0,"",0,0,0,2,0,0,1,0,0,0,0
conn13=13,15,4,1,70,0.0000000000,255,1,1,1,0,"",0,"",0,0,0,7,0,0,1,0,0,0,0
conn14=14,16,15,1,70,0.0000000000,255,1,1,1,0,"",0,"",2,1,0,2,0,0,0,0,0,0,0
conn15=15,17,14,1,70,0.0000000000,255,1,1,1,0,"",0,"",1,1,0,2,0,0,0,0,0,0,0
conn16=16,18,17,1,70,0.0000000000,255,1,1,1,0,"",0,"",1,1,0,2,0,0,1,0,0,0,0
conn17=17,19,16,1,70,0.0000000000,255,1,1,1,0,"",0,"",2,1,0,2,0,0,1,0,0,0,0
conn18=18,20,18,1,70,0.0000000000,255,1,1,1,0,"",0,"",1,1,0,2,0,0,1,0,0,0,0
conn19=19,21,19,1,70,0.0000000000,255,1,1,1,0,"",0,"",2,1,0,2,0,0,1,0,0,0,0
conn20=20,21,22,1,70,0.0000000000,255,1,1,1,0,"",0,"",1,1,0,2,0,0,0,0,0,0,0
conn21=21,20,23,1,70,0.0000000000,255,1,1,1,0,"",0,"",2,1,0,2,0,0,0,0,0,0,0
conn22=22,22,24,1,70,0.0000000000,255,1,1,1,0,"",0,"",0,0,0,8,0,0,0,0,0,0,0
conn23=23,23,25,1,70,0.0000000000,255,1,1,1,0,"",0,"",0,0,0,2,0,0,0,0,0,0,0
conn24=24,25,38,1,70,0.0000000000,255,1,1,1,0,"",0,"",0,0,0,2,0,0,0,0,0,0,0
conn25=25,24,40,1,70,0.0000000000,255,1,1,1,0,"",0,"",0,0,0,2,0,0,0,0,0,0,0
conn36=36,38,37,1,70,0.0000000000,255,1,1,1,0,"",0,"",0,0,0,2,0,0,0,0,0,0,0
conn38=38,40,39,1,70,0.0000000000,255,1,1,1,0,"",0,"",0,0,0,8,0,0,0,0,0,0,0
freeobject1="misc","lampstand1.b3d",116.3333333000,19.6666666700,0.0000000000,1.5000000000,0
freeobject2="misc","lampstand1.b3d",191.6666667000,15.3333333700,0.0000000000,1.5000000000,0
grid1="Grid1",8,8,0,0,6,0,-1,3,-1,-1,9,-1,0,11,0,1,12,0,2,15,0,3,16,0,4,18,0,5,21,0,6,23,0,7,13,-3,2,10,-2,1,17,-3,4,14,-3,3,19,-3,5,20,-3,6,22,-3,7,25,-2,8,38,-1,9,24,0,8,36,0,9
