rbregionfile=1
fromprojectname=HowTo 1
author=Uwe Post
comment=simple station at two track line with island platform (2)
point3=3,7.0473185890,23.8698459800
point6=7,6.8379748330,19.8753278300
point8=10,31.8037131300,18.5669289300
point9=11,32.0130569600,22.5614470700
point10=12,57.0834672400,23.2503072400
point11=13,56.6647795900,15.2612709600
point23=37,281.4610968000,5.4829398730
point24=39,281.6704406000,9.4774580120
point25=40,256.8093742000,12.7831159900
point26=41,82.1538775200,23.9391674000
point27=42,81.5258460500,11.9556129800
point28=43,107.1196159000,22.6307684900
point29=44,132.0853543000,21.3223695900
point30=45,106.4915844000,10.6472140800
point31=46,131.4573228000,9.3388151700
point32=47,156.4230612000,8.0304162640
point33=48,181.3887995000,6.7220173580
point34=49,231.9483077000,16.0887739600
point35=50,256.3906865000,4.7940797090
point36=51,231.3202763000,4.1052195460
point37=52,206.3545379000,5.4136184520
point38=53,157.0510926000,20.0139706800
point39=54,182.0168310000,18.7055717700
point40=55,206.9825694000,17.3971728700
conn3=3,3,11,1,70,0.0000000000,255,1,1,1,0,"",0,"",0,0,0,2,0,0,0,0,0,0,0
conn6=6,7,10,1,70,0.0000000000,255,1,1,1,0,"",0,"",0,0,0,2,0,0,0,0,0,0,0
conn8=8,10,13,1,70,0.0000000000,255,1,1,1,0,"",0,"",0,0,0,8,0,0,0,0,0,0,0
conn20=38,40,39,1,70,0.0000000000,255,1,1,1,0,"",0,"",0,0,0,8,0,0,0,0,0,0,0
conn21=39,11,12,1,70,0.0000000000,255,1,1,1,0,"",0,"",0,0,0,7,0,0,0,0,0,0,0
conn22=40,12,41,1,0,0.0000000000,255,1,1,1,0,"",0,"",0,0,0,7,0,0,0,0,0,0,0
conn23=41,13,42,1,0,0.0000000000,255,1,1,1,0,"",0,"",0,0,0,7,0,0,0,0,0,0,0
conn24=42,41,43,1,0,0.0000000000,255,1,1,1,0,"",0,"",1,1,0,2,0,0,0,0,0,0,0
conn25=43,43,44,1,0,0.0000000000,255,1,1,1,0,"",0,"",1,1,0,2,0,0,0,0,0,0,0
conn26=44,42,45,1,0,0.0000000000,255,1,1,1,0,"",0,"",2,1,0,2,0,0,0,0,0,0,0
conn27=45,45,46,1,0,0.0000000000,255,1,1,1,0,"",0,"",2,1,0,2,0,0,0,0,0,0,0
conn28=46,46,47,1,0,0.0000000000,255,1,1,1,0,"",0,"",2,1,0,2,0,0,4,0,0,0,0
conn29=47,47,48,1,0,0.0000000000,255,1,1,1,0,"",0,"",2,1,0,2,0,0,4,0,0,0,0
conn30=48,49,40,1,0,0.0000000000,255,1,1,1,0,"",0,"",0,0,0,8,0,0,0,0,0,0,0
conn31=49,50,37,1,70,0.0000000000,255,1,1,1,0,"",0,"",0,0,0,7,0,0,0,0,0,0,0
conn32=50,51,50,1,0,0.0000000000,255,1,1,1,0,"",0,"",0,0,0,7,0,0,0,0,0,0,0
conn33=51,52,51,1,0,0.0000000000,255,1,1,1,0,"",0,"",2,1,0,2,0,0,0,0,0,0,0
conn34=52,48,52,1,0,0.0000000000,255,1,1,1,0,"",0,"",2,1,0,2,0,0,0,0,0,0,0
conn35=53,44,53,1,0,0.0000000000,255,1,1,1,0,"",0,"",1,1,0,2,0,0,4,0,0,0,0
conn36=54,53,54,1,0,0.0000000000,255,1,1,1,0,"",0,"",1,1,0,2,0,0,4,0,0,0,0
conn37=55,54,55,1,0,0.0000000000,255,1,1,1,0,"",0,"",1,1,0,2,0,0,0,0,0,0,0
conn38=56,55,49,1,0,0.0000000000,255,1,1,1,0,"",0,"",1,1,0,2,0,0,0,0,0,0,0
freeobject1="misc","lampstand1.b3d",106.6666667000,17.0000000000,0.0000000000,1.5000000000,0
freeobject2="misc","lampstand1.b3d",206.6666667000,11.6666666700,0.0000000000,1.5000000000,0
grid1="Grid1",8,8,0,0,6,0,-1,3,-1,-1,13,-3,2,17,-3,4,14,-3,3,19,-3,5,20,-3,6,22,-3,7,25,-2,8,38,-1,9,24,0,8,36,0,9,39,-1,0,40,-2,1,40,-2,1,41,1,1,42,-2,2,43,-2,3,44,1,2,45,1,3,46,1,4,47,1,5,48,-2,8,49,0,9,50,1,8,51,1,7,52,1,6,53,-2,4,54,-2,5,55,-2,6,56,-2,7
